0 0.653590 0.519775 0.024380 0.104414
0 0.795440 0.635631 0.190760 0.728739
1 0.018300 0.500691 0.036400 0.028829
1 0.055720 0.495646 0.034800 0.038739
1 0.309490 0.505976 0.139380 0.120240
0 0.153070 0.657342 0.264020 0.685315
0 0.406770 0.620691 0.073100 0.286667
0 0.472230 0.624985 0.075980 0.298679
0 0.566680 0.626862 0.073480 0.311081
0 0.715070 0.526231 0.029740 0.101171
0 0.672770 0.621742 0.048380 0.289009
0 0.614480 0.489760 0.009800 0.053153
0 0.598180 0.492913 0.012800 0.047447
0 0.379490 0.508889 0.012420 0.062763
